Inserção: 
Antes: 811 422 376 559 944 262 318 153 827 8 114 832 766 32 803 933 72 573 842 618 255 739 921 516 536 340 55 653 147 21 56 146 978 879 541 127 890 564 63 550 839 660 723 621 20 971 898 616 862 776 987 294 21 159 251 590 864 300 29 173 435 495 15 30 793 333 332 859 613 307 561 516 758 310 87 991 968 354 580 755 153 417 10 451 369 622 188 559 365 173 506 699 194 405 473 466 63 617 171 11 
Depois: 8 10 11 15 20 21 21 29 30 32 55 56 63 63 72 87 114 127 146 147 153 153 159 171 173 173 188 194 251 255 262 294 300 307 310 318 332 333 340 354 365 369 376 405 417 422 435 451 466 473 495 506 516 516 536 541 550 559 559 561 564 573 580 590 613 616 617 618 621 622 653 660 699 723 739 755 758 766 776 793 803 811 827 832 839 842 859 862 864 879 890 898 921 933 944 968 971 978 987 991 

MergeSort: 
Antes: 811 422 376 559 944 262 318 153 827 8 114 832 766 32 803 933 72 573 842 618 255 739 921 516 536 340 55 653 147 21 56 146 978 879 541 127 890 564 63 550 839 660 723 621 20 971 898 616 862 776 987 294 21 159 251 590 864 300 29 173 435 495 15 30 793 333 332 859 613 307 561 516 758 310 87 991 968 354 580 755 153 417 10 451 369 622 188 559 365 173 506 699 194 405 473 466 63 617 171 11 
Depois: 8 10 11 15 20 21 21 29 30 32 55 56 63 63 72 87 114 127 146 147 153 153 159 171 173 173 188 194 251 255 262 294 300 307 310 318 332 333 340 354 365 369 376 405 417 422 435 451 466 473 495 506 516 516 536 541 550 559 559 561 564 573 580 590 613 616 617 618 621 622 653 660 699 723 739 755 758 766 776 793 803 811 827 832 839 842 859 862 864 879 890 898 921 933 944 968 971 978 987 991 

Selecao: 
Antes: 811 422 376 559 944 262 318 153 827 8 114 832 766 32 803 933 72 573 842 618 255 739 921 516 536 340 55 653 147 21 56 146 978 879 541 127 890 564 63 550 839 660 723 621 20 971 898 616 862 776 987 294 21 159 251 590 864 300 29 173 435 495 15 30 793 333 332 859 613 307 561 516 758 310 87 991 968 354 580 755 153 417 10 451 369 622 188 559 365 173 506 699 194 405 473 466 63 617 171 11 
Depois: 8 10 11 15 20 21 21 29 30 32 55 56 63 63 72 87 114 127 146 147 153 153 159 171 173 173 188 194 251 255 262 294 300 307 310 318 332 333 340 354 365 369 376 405 417 422 435 451 466 473 495 506 516 516 536 541 550 559 559 561 564 573 580 590 613 616 617 618 621 622 653 660 699 723 739 755 758 766 776 793 803 811 827 832 839 842 859 862 864 879 890 898 921 933 944 968 971 978 987 991 

ShellSort: 
Antes: 811 422 376 559 944 262 318 153 827 8 114 832 766 32 803 933 72 573 842 618 255 739 921 516 536 340 55 653 147 21 56 146 978 879 541 127 890 564 63 550 839 660 723 621 20 971 898 616 862 776 987 294 21 159 251 590 864 300 29 173 435 495 15 30 793 333 332 859 613 307 561 516 758 310 87 991 968 354 580 755 153 417 10 451 369 622 188 559 365 173 506 699 194 405 473 466 63 617 171 11 
Depois: 8 10 11 15 20 21 21 29 30 32 55 56 63 63 72 87 114 127 146 147 153 153 159 171 173 173 188 194 251 255 262 294 300 307 310 318 332 333 340 354 365 369 376 405 417 422 435 451 466 473 495 506 516 516 536 541 550 559 559 561 564 573 580 590 613 616 617 618 621 622 653 660 699 723 739 755 758 766 776 793 803 811 827 832 839 842 859 862 864 879 890 898 921 933 944 968 971 978 987 991 

QuickSort: 
Antes: 811 422 376 559 944 262 318 153 827 8 114 832 766 32 803 933 72 573 842 618 255 739 921 516 536 340 55 653 147 21 56 146 978 879 541 127 890 564 63 550 839 660 723 621 20 971 898 616 862 776 987 294 21 159 251 590 864 300 29 173 435 495 15 30 793 333 332 859 613 307 561 516 758 310 87 991 968 354 580 755 153 417 10 451 369 622 188 559 365 173 506 699 194 405 473 466 63 617 171 11 
Depois: 8 10 11 15 20 21 21 29 30 32 55 56 63 63 72 87 114 127 146 147 153 153 159 171 173 173 188 194 251 255 262 294 300 307 310 318 332 333 340 354 365 369 376 405 417 422 435 451 466 473 495 506 516 516 536 541 550 559 559 561 564 573 580 590 613 616 617 618 621 622 653 660 699 723 739 755 758 766 776 793 803 811 827 832 839 842 859 862 864 879 890 898 921 933 944 968 971 978 987 991 

QuickSortProbabilistic: 
Antes: 811 422 376 559 944 262 318 153 827 8 114 832 766 32 803 933 72 573 842 618 255 739 921 516 536 340 55 653 147 21 56 146 978 879 541 127 890 564 63 550 839 660 723 621 20 971 898 616 862 776 987 294 21 159 251 590 864 300 29 173 435 495 15 30 793 333 332 859 613 307 561 516 758 310 87 991 968 354 580 755 153 417 10 451 369 622 188 559 365 173 506 699 194 405 473 466 63 617 171 11 
Depois: 8 10 11 15 20 21 21 29 30 32 55 56 63 63 72 87 114 127 146 147 153 153 159 171 173 173 188 194 251 255 262 294 300 307 310 318 332 333 340 354 365 369 376 405 417 422 435 451 466 469 473 495 506 516 516 536 541 550 559 559 561 564 573 580 590 613 616 617 618 621 622 653 660 699 723 739 755 758 766 776 793 803 827 832 839 842 859 862 864 879 890 898 921 933 944 968 971 978 987 991 

CocktailSort: 
Antes: 811 422 376 559 944 262 318 153 827 8 114 832 766 32 803 933 72 573 842 618 255 739 921 516 536 340 55 653 147 21 56 146 978 879 541 127 890 564 63 550 839 660 723 621 20 971 898 616 862 776 987 294 21 159 251 590 864 300 29 173 435 495 15 30 793 333 332 859 613 307 561 516 758 310 87 991 968 354 580 755 153 417 10 451 369 622 188 559 365 173 506 699 194 405 473 466 63 617 171 11 
Depois: 8 10 11 15 20 21 21 29 30 32 55 56 63 63 72 87 114 127 146 147 153 153 159 171 173 173 188 194 251 255 262 294 300 307 310 318 332 333 340 354 365 369 376 405 417 422 435 451 466 473 495 506 516 516 536 541 550 559 559 561 564 573 580 590 613 616 617 618 621 622 653 660 699 723 739 755 758 766 776 793 803 811 827 832 839 842 859 862 864 879 890 898 921 933 944 968 971 978 987 991 
